corpus: wiki
{'testlen': 257905, 'reflen': 193489, 'guess': [257905, 245451, 233998, 224085], 'correct': [71879, 31729, 18554, 11918]}
ratio: 1.3329181503858032
############################
F1: 1.0
Semantic_Similarity: 0.7120325897186937
bleu_1: 0.27870339853822035
bleu_2: 0.18980905271116247
bleu_3: 0.14189042299973695
bleu_4: 0.11102287290679184
rouge_l: 0.30892955665932037
############################
----------------------------------------
corpus: web
{'testlen': 238545, 'reflen': 193601, 'guess': [238545, 226111, 214906, 205472], 'correct': [70766, 32048, 20105, 14348]}
ratio: 1.2321475612212685
############################
F1: 1.0
Semantic_Similarity: 0.6925374893133817
bleu_1: 0.2966568152759425
bleu_2: 0.2050533107293002
bleu_3: 0.1578567059490448
bleu_4: 0.12873805900132904
rouge_l: 0.29009261230345823
############################
----------------------------------------
corpus: wiki-web
{'testlen': 252983, 'reflen': 193632, 'guess': [252983, 240548, 229294, 219789], 'correct': [71638, 32180, 19909, 13988]}
ratio: 1.3065144191042737
############################
F1: 1.0
Semantic_Similarity: 0.6951592461796591
bleu_1: 0.2831731776443465
bleu_2: 0.19463377311746116
bleu_3: 0.14871829116517674
bleu_4: 0.12028478813161243
rouge_l: 0.28851172828733224
############################
----------------------------------------
corpus: ms2
{'testlen': 192025, 'reflen': 193442, 'guess': [192025, 179600, 168406, 158724], 'correct': [65692, 28268, 15739, 9614]}
ratio: 0.9926748069188647
############################
F1: 1.0
Semantic_Similarity: 0.6959029501966958
bleu_1: 0.33958613021835626
bleu_2: 0.23033872784101117
bleu_3: 0.17010467337758323
bleu_4: 0.1311599891196442
rouge_l: 0.31046320048780984
############################
----------------------------------------
